0.00E+00	-2.93E-01
7.38E-01	-2.76E-01
1.48E+00	-2.63E-01
2.21E+00	-2.51E-01
2.95E+00	-2.42E-01
3.69E+00	-2.34E-01
4.43E+00	-2.27E-01
5.16E+00	-2.20E-01
5.90E+00	-2.14E-01
6.64E+00	-2.09E-01
7.38E+00	-2.03E-01
8.11E+00	-1.98E-01
8.85E+00	-1.93E-01
9.59E+00	-1.88E-01
1.03E+01	-1.83E-01
1.11E+01	-1.78E-01
1.18E+01	-1.74E-01
1.25E+01	-1.70E-01
1.33E+01	-1.66E-01
1.40E+01	-1.62E-01
1.48E+01	-1.58E-01
1.55E+01	-1.54E-01
1.62E+01	-1.50E-01
1.70E+01	-1.47E-01
1.77E+01	-1.44E-01
1.84E+01	-1.41E-01
1.92E+01	-1.38E-01
1.99E+01	-1.36E-01
2.07E+01	-1.33E-01
2.14E+01	-1.30E-01
2.21E+01	-1.28E-01
2.29E+01	-1.25E-01
2.36E+01	-1.22E-01
2.43E+01	-1.20E-01
2.51E+01	-1.17E-01
2.58E+01	-1.15E-01
2.66E+01	-1.12E-01
2.73E+01	-1.10E-01
2.80E+01	-1.08E-01
2.88E+01	-1.06E-01
2.95E+01	-1.03E-01
3.02E+01	-1.01E-01
3.10E+01	-9.89E-02
3.17E+01	-9.67E-02
3.25E+01	-9.46E-02
3.32E+01	-9.25E-02
3.39E+01	-9.06E-02
3.47E+01	-8.88E-02
3.54E+01	-8.72E-02
3.61E+01	-8.56E-02
3.69E+01	-8.40E-02
3.76E+01	-8.25E-02
3.84E+01	-8.09E-02
3.91E+01	-7.94E-02
3.98E+01	-7.78E-02
4.06E+01	-7.62E-02
4.13E+01	-7.46E-02
4.20E+01	-7.30E-02
4.28E+01	-7.15E-02
4.35E+01	-7.00E-02
4.43E+01	-6.86E-02
4.50E+01	-6.72E-02
4.57E+01	-6.58E-02
4.65E+01	-6.45E-02
4.72E+01	-6.31E-02
4.79E+01	-6.18E-02
4.87E+01	-6.06E-02
4.94E+01	-5.93E-02
5.02E+01	-5.80E-02
5.09E+01	-5.68E-02
5.16E+01	-5.55E-02
5.24E+01	-5.43E-02
5.31E+01	-5.31E-02
5.39E+01	-5.19E-02
5.46E+01	-5.07E-02
5.53E+01	-4.96E-02
5.61E+01	-4.85E-02
5.68E+01	-4.75E-02
5.75E+01	-4.65E-02
5.83E+01	-4.55E-02
5.90E+01	-4.46E-02
5.98E+01	-4.38E-02
6.05E+01	-4.29E-02
6.12E+01	-4.20E-02
6.20E+01	-4.12E-02
6.27E+01	-4.04E-02
6.34E+01	-3.96E-02
6.42E+01	-3.88E-02
6.49E+01	-3.80E-02
6.57E+01	-3.73E-02
6.64E+01	-3.65E-02
6.71E+01	-3.58E-02
6.79E+01	-3.51E-02
6.86E+01	-3.44E-02
6.93E+01	-3.37E-02
7.01E+01	-3.30E-02
7.08E+01	-3.23E-02
7.16E+01	-3.16E-02
7.23E+01	-3.09E-02
7.30E+01	-3.02E-02
7.38E+01	-2.95E-02
7.45E+01	-2.89E-02
7.52E+01	-2.83E-02
7.60E+01	-2.77E-02
7.67E+01	-2.71E-02
7.75E+01	-2.66E-02
7.82E+01	-2.60E-02
7.89E+01	-2.55E-02
7.97E+01	-2.50E-02
8.04E+01	-2.45E-02
8.11E+01	-2.40E-02
8.19E+01	-2.35E-02
8.26E+01	-2.31E-02
8.34E+01	-2.26E-02
8.41E+01	-2.21E-02
8.48E+01	-2.17E-02
8.56E+01	-2.12E-02
8.63E+01	-2.08E-02
8.70E+01	-2.03E-02
8.78E+01	-1.98E-02
8.85E+01	-1.94E-02
8.93E+01	-1.89E-02
9.00E+01	-1.86E-02
9.07E+01	-1.82E-02
9.15E+01	-1.79E-02
9.22E+01	-1.75E-02
9.29E+01	-1.72E-02
9.37E+01	-1.69E-02
9.44E+01	-1.65E-02
9.52E+01	-1.62E-02
9.59E+01	-1.59E-02
9.66E+01	-1.55E-02
9.74E+01	-1.52E-02
9.81E+01	-1.49E-02
9.89E+01	-1.46E-02
9.96E+01	-1.42E-02
1.00E+02	-1.39E-02
1.01E+02	-1.36E-02
1.02E+02	-1.33E-02
1.03E+02	-1.30E-02
1.03E+02	-1.27E-02
1.04E+02	-1.24E-02
1.05E+02	-1.22E-02
1.05E+02	-1.20E-02
1.06E+02	-1.17E-02
1.07E+02	-1.15E-02
1.08E+02	-1.13E-02
1.08E+02	-1.10E-02
1.09E+02	-1.08E-02
1.10E+02	-1.05E-02
1.11E+02	-1.03E-02
1.11E+02	-1.01E-02
1.12E+02	-9.86E-03
1.13E+02	-9.68E-03
1.14E+02	-9.50E-03
1.14E+02	-9.32E-03
1.15E+02	-9.15E-03
1.16E+02	-8.98E-03
1.17E+02	-8.81E-03
1.17E+02	-8.65E-03
1.18E+02	-8.47E-03
1.19E+02	-8.31E-03
1.20E+02	-8.14E-03
1.20E+02	-7.97E-03
1.21E+02	-7.81E-03
1.22E+02	-7.64E-03
1.22E+02	-7.48E-03
1.23E+02	-7.32E-03
1.24E+02	-7.16E-03
1.25E+02	-7.00E-03
1.25E+02	-6.85E-03
1.26E+02	-6.69E-03
1.27E+02	-6.54E-03
1.28E+02	-6.39E-03
1.28E+02	-6.25E-03
1.29E+02	-6.11E-03
1.30E+02	-5.96E-03
1.31E+02	-5.83E-03
1.31E+02	-5.69E-03
1.32E+02	-5.55E-03
1.33E+02	-5.41E-03
1.34E+02	-5.29E-03
1.34E+02	-5.16E-03
1.35E+02	-5.05E-03
1.36E+02	-4.93E-03
1.36E+02	-4.82E-03
1.37E+02	-4.71E-03
1.38E+02	-4.61E-03
1.39E+02	-4.51E-03
1.39E+02	-4.41E-03
1.40E+02	-4.32E-03
1.41E+02	-4.23E-03
1.42E+02	-4.14E-03
1.42E+02	-4.06E-03
1.43E+02	-3.98E-03
1.44E+02	-3.90E-03
1.45E+02	-3.82E-03
1.45E+02	-3.75E-03
1.46E+02	-3.67E-03
1.47E+02	-3.59E-03